,Date,Latitude,Longitude,City,Country,Cloud Cover,Wind Speed,Humidity,Max Temperature
0,1593231506,-45.58,-72.07,coihaique,CL,90,5.82,74,30.2
1,1593231110,78.22,15.64,longyearbyen,SJ,75,17.22,80,41.0
2,1593231301,-33.93,18.42,cape town,ZA,75,26.4,87,60.01
3,1593231328,-46.19,168.86,mataura,NZ,62,2.15,77,46.63
4,1593231202,-0.74,-90.35,puerto ayora,EC,80,1.01,92,70.0
5,1593231519,35.73,140.83,hasaki,JP,75,6.93,78,88.0
6,1593231519,54.72,135.31,chumikan,RU,97,10.74,85,47.53
7,1593231139,-42.88,147.33,hobart,AU,75,8.05,58,53.6
8,1593231351,34.06,-117.65,ontario,US,1,6.93,53,75.2
9,1593231329,-0.6,73.08,hithadhoo,MV,99,4.68,72,84.33
10,1593231012,-54.8,-68.3,ushuaia,AR,40,23.04,69,37.4
11,1593231519,28.68,-17.76,santa cruz de la palma,ES,90,19.46,64,71.6
12,1593231223,-53.15,-70.92,punta arenas,CL,0,9.17,86,30.2
13,1593231457,-32.03,-52.1,rio grande,BR,98,6.49,97,41.0
14,1593231329,-21.2,-175.2,vaini,TO,40,6.93,88,77.0
15,1593231519,-0.95,100.35,padang,ID,100,3.53,60,86.23
16,1593231327,-23.12,-134.97,rikitea,PF,97,15.48,77,74.23
17,1593231336,-34.42,19.23,hermanus,ZA,48,15.01,90,53.01
18,1593231330,-46.6,168.33,bluff,NZ,79,4.23,68,47.64
19,1593231293,42.6,-73.97,albany,US,0,3.98,95,68.0
20,1593231520,26.1,-106.97,guadalupe y calvo,MX,96,2.13,97,57.4
21,1593231337,65.58,-171.0,lavrentiya,RU,80,31.72,74,43.27
22,1593231340,-33.02,27.91,east london,ZA,0,10.29,76,51.8
23,1593231298,5.41,100.34,georgetown,MY,20,5.82,70,86.0
24,1593231520,-22.47,-68.93,calama,CL,0,16.11,27,37.4
25,1593231298,55.74,-97.86,thompson,CA,75,3.71,93,62.6
26,1593231520,4.25,-54.38,grand-santi,GF,49,2.62,97,72.68
27,1593231520,-46.13,167.68,tuatapere,NZ,86,2.86,75,50.45
28,1593231520,-23.53,148.17,emerald,AU,40,5.82,37,72.0
29,1593231331,59.7,30.79,nikolskoye,RU,0,13.42,60,69.8
30,1593231331,-2.02,147.27,lorengau,PG,100,10.69,69,85.86
31,1593231520,36.69,52.52,fereydun kenar,IR,40,9.17,83,75.2
32,1593231520,20.73,-89.28,homun,MX,40,9.17,78,82.99
33,1593231297,22.48,103.95,lao cai,VN,83,2.15,53,90.95
34,1593231520,68.22,-135.01,aklavik,CA,75,17.22,30,53.6
35,1593231520,-11.1,-77.61,hualmay,PE,40,6.69,85,61.18
36,1593231231,5.18,97.15,lhokseumawe,ID,91,5.44,66,86.04
37,1593231194,-33.65,115.33,busselton,AU,62,19.42,67,66.99
38,1593231521,-0.89,119.87,palu,ID,98,2.95,80,80.46
39,1593231490,51.73,36.19,kursk,RU,0,4.47,72,64.4
40,1593231521,-20.65,166.53,fayaoue,NC,0,15.1,62,71.71
41,1593231521,14.53,20.92,biltine,TD,59,7.45,49,78.85
42,1593231330,3.07,172.79,butaritari,KI,78,10.76,75,83.1
43,1593231521,67.8,130.41,batagay-alyta,RU,56,6.04,26,80.92
44,1593231521,-35.57,138.62,victor harbor,AU,0,7.54,50,62.01
45,1593231298,-42.78,147.06,new norfolk,AU,100,2.01,85,53.01
46,1593231521,11.67,92.75,port blair,IN,100,10.18,75,84.33
47,1593231521,-17.34,-44.94,pirapora,BR,85,0.96,61,62.06
48,1593231353,-20.52,57.52,souillac,MU,40,13.87,94,71.6
49,1593231350,13.22,-59.52,bathsheba,BB,40,25.28,74,82.4
50,1593231521,-6.88,112.21,labuhan,ID,26,2.04,62,84.6
51,1593231334,-5.2,-35.46,touros,BR,75,5.82,100,73.4
52,1593231340,-30.18,-50.21,cidreira,BR,100,4.14,62,50.41
53,1593231331,42.1,-79.24,jamestown,US,20,4.7,68,64.99
54,1593231522,-0.95,122.79,luwuk,ID,100,5.64,78,79.54
55,1593231522,-10.62,150.67,samarai,PG,59,19.39,82,78.84
56,1593231522,-1.95,18.27,inongo,CD,29,5.82,85,69.93
57,1593231522,42.9,71.37,taraz,KZ,75,13.42,43,69.8
58,1593231483,36.62,-121.92,pacific grove,US,90,5.82,87,60.01
59,1593231304,-5.79,-35.21,natal,BR,75,2.24,94,73.4
60,1593231335,-22.97,-42.03,arraial do cabo,BR,51,5.17,89,70.72
61,1593231336,72.79,-56.15,upernavik,GL,98,4.38,88,36.54
62,1593231522,67.67,12.69,sorland,NO,89,19.37,82,51.64
63,1593231130,-23.7,133.88,alice springs,AU,0,6.93,31,60.8
64,1593231522,20.2,1.01,tessalit,ML,0,6.38,12,88.32
65,1593231339,-24.87,113.63,carnarvon,AU,23,5.82,56,73.4
66,1593231522,9.49,50.81,bandarbeyla,SO,100,28.72,60,83.77
67,1593231522,-19.53,-54.04,camapua,BR,5,4.05,94,66.99
68,1593231522,52.86,35.2,shablykino,RU,0,5.19,91,65.28
69,1593231522,-18.37,21.85,shakawe,BW,0,3.29,51,48.36
70,1593231522,69.01,23.04,kautokeino,NO,14,11.79,63,48.99
71,1593231330,-33.59,26.89,port alfred,ZA,0,5.99,63,55.99
72,1593231523,-1.27,116.83,balikpapan,ID,40,8.05,88,80.6
73,1593231337,7.53,-12.51,bonthe,SL,70,4.85,89,76.23
74,1593231523,65.75,150.85,zyryanka,RU,7,10.69,31,77.81
75,1593231523,58.83,44.32,kologriv,RU,100,9.82,84,63.81
76,1593231259,-34.53,20.04,bredasdorp,ZA,17,16.11,62,55.4
77,1593231338,-20.34,57.76,bambous virieux,MU,40,13.87,94,71.6
78,1593231523,-10.07,-78.15,huarmey,PE,37,7.4,87,61.61
79,1593231523,-18.48,-70.3,arica,CL,27,1.81,86,56.39
80,1593231523,60.82,-115.8,hay river,CA,75,5.82,63,60.8
81,1593231523,-16.23,39.91,angoche,MZ,0,5.12,90,68.31
82,1593231328,69.45,-133.04,tuktoyaktuk,CA,90,16.11,93,35.6
83,1593231298,73.51,80.55,dikson,RU,98,27.25,87,36.61
84,1593231523,38.42,-121.42,laguna,US,1,5.82,47,80.01
85,1593231334,-3.8,102.27,bengkulu,ID,94,3.31,60,86.0
86,1593231330,71.92,114.08,saskylakh,RU,39,10.78,26,82.81
87,1593231524,64.25,-15.21,hofn,IS,100,2.06,82,50.47
88,1593231061,20.89,-156.47,kahului,US,40,23.04,51,86.0
89,1593231307,77.48,-69.36,qaanaaq,GL,5,4.7,78,37.42
90,1593231061,19.73,-155.09,hilo,US,90,10.29,65,82.4
91,1593231524,10.35,107.08,vung tau,VN,28,8.66,67,85.59
92,1593231351,18.42,-64.62,road town,VG,53,21.0,83,82.99
93,1593231524,21.28,-88.93,dzilam gonzalez,MX,81,6.17,74,84.0
94,1593231524,36.73,24.43,adamas,GR,0,20.8,83,71.6
95,1593231524,18.22,42.51,abha,SA,62,4.7,27,75.2
96,1593231334,-21.21,-159.78,avarua,CK,8,9.17,73,71.6
97,1593231334,-21.36,55.77,saint-philippe,RE,38,5.82,68,71.6
98,1593231280,41.37,-73.41,bethel,US,1,3.36,77,66.0
99,1593231524,4.32,17.47,boda,CF,89,1.9,95,67.82
100,1593231524,4.88,-1.76,takoradi,GH,93,9.37,89,76.17
101,1593231524,13.52,35.77,doka,SD,25,11.95,77,75.96
102,1593231353,4.93,-52.33,cayenne,GF,20,8.41,100,75.2
103,1593231346,-8.93,125.41,airai,TL,69,4.27,61,72.3
104,1593231525,18.04,-71.74,pedernales,DO,100,5.53,66,82.29
105,1593231525,37.1,-113.58,saint george,US,1,6.93,14,93.2
106,1593231525,-1.22,10.58,fougamou,GA,12,1.21,90,68.11
107,1593231525,-8.14,159.59,buala,SB,88,9.51,75,84.04
108,1593231343,6.12,81.12,hambantota,LK,40,10.29,79,84.2
109,1593231525,59.24,163.07,ossora,RU,39,6.55,59,63.61
110,1593231078,62.46,-114.35,yellowknife,CA,20,8.05,52,66.0
111,1593231525,59.64,-151.55,homer,US,20,14.99,76,54.0
112,1593231525,28.37,129.48,naze,JP,40,16.11,79,84.2
113,1593231525,-14.25,129.55,port keats,AU,25,5.26,31,87.87
114,1593231336,14.9,-24.5,sao filipe,CV,50,4.68,80,73.31
115,1593231525,20.7,-105.2,ixtapa,MX,100,1.81,94,79.0
116,1593231525,48.57,83.65,kurchum,KZ,99,13.8,23,82.92
117,1593231525,26.59,12.78,awbari,LY,0,6.78,24,71.73
118,1593231525,70.66,23.68,hammerfest,NO,75,24.16,100,42.8
119,1593231334,71.29,-156.79,barrow,US,1,5.82,93,37.4
120,1593231337,-38.27,141.97,codrington,AU,90,8.1,62,54.66
121,1593231335,68.75,161.3,cherskiy,RU,0,20.13,61,41.74
122,1593231360,-13.2,49.05,ambilobe,MG,0,3.2,79,68.65
123,1593231299,57.79,-152.41,kodiak,US,40,16.11,38,60.8
124,1593231326,0.54,123.06,gorontalo,ID,100,1.21,89,77.0
125,1593231331,63.75,-68.51,iqaluit,CA,40,6.93,86,39.0
126,1593231526,-23.38,150.5,rockhampton,AU,40,9.17,36,75.2
127,1593231526,33.73,135.98,shingu,JP,75,5.82,83,78.8
128,1593231337,17.02,54.09,salalah,OM,75,6.93,89,84.2
129,1593231298,38.52,-28.7,ribeira grande,PT,94,6.62,93,66.29
130,1593231526,57.79,108.11,kirensk,RU,4,2.73,33,85.91
131,1593231354,64.38,-173.3,provideniya,RU,100,25.46,73,40.48
132,1593231526,65.82,87.98,turukhansk,RU,78,14.43,65,70.56
133,1593231527,-32.5,137.77,port augusta,AU,0,6.93,31,64.4
134,1593231351,-9.43,159.95,honiara,SB,20,13.87,55,89.6
135,1593231527,52.82,117.31,zhireken,RU,4,5.19,27,78.58
136,1593231357,69.22,-51.1,ilulissat,GL,10,4.7,93,37.4
137,1593231527,-19.06,-169.92,alofi,NU,87,12.75,73,77.0
138,1593231332,70.63,147.92,chokurdakh,RU,1,9.06,31,64.06
139,1593231527,47.33,-0.25,saumur,FR,75,6.93,87,60.01
140,1593231328,-9.8,-139.03,atuona,PF,8,10.0,76,79.92
141,1593231527,42.22,-2.1,arnedo,ES,86,4.7,93,60.8
142,1593231337,71.69,128.87,tiksi,RU,73,10.04,47,65.41
143,1593231353,22.89,-109.91,cabo san lucas,MX,75,5.82,69,81.0
144,1593231527,62.54,113.96,mirnyy,RU,40,15.66,56,73.4
145,1593231350,69.49,88.4,talnakh,RU,86,22.37,60,68.0
146,1593231356,-2.92,-39.92,itarema,BR,13,8.05,81,74.77
147,1593231528,28.5,-13.86,puerto del rosario,ES,90,18.34,77,69.8
148,1593231333,39.05,-27.98,lagoa,PT,33,11.88,95,65.91
149,1593231528,19.22,-104.7,san patricio,MX,100,4.79,85,77.02
150,1593231353,-16.48,-151.75,faanui,PF,40,16.44,80,77.38
151,1593231528,29.36,-100.9,del rio,US,75,14.99,65,82.4
152,1593231528,-19.85,47.03,antsirabe,MG,10,3.74,88,49.77
153,1593231528,10.37,10.73,bara,NG,98,8.32,74,72.97
154,1593231528,-33.9,148.17,grenfell,AU,21,3.0,79,54.0
155,1593231528,45.63,-1.03,royan,FR,75,6.93,88,64.4
156,1593231528,5.72,19.07,sibut,CF,44,1.99,94,68.74
157,1593231528,10.28,22.79,birao,CF,84,2.17,85,73.33
158,1593231529,52.48,48.21,dukhovnitskoye,RU,23,16.08,72,63.64
159,1593231529,4.71,6.79,abonnema,NG,75,7.58,100,73.4
160,1593231329,65.28,-126.83,norman wells,CA,75,10.29,37,69.8
161,1593231529,47.25,127.08,suileng,CN,100,5.75,75,71.02
162,1593231529,3.78,72.97,mahibadhoo,MV,100,9.31,75,82.89
163,1593231355,11.0,122.67,dingle,PH,97,2.51,61,89.69
164,1593231529,31.35,27.25,marsa matruh,EG,0,6.76,84,72.25
165,1593231529,12.28,-10.97,dire,ML,99,1.07,84,74.01
166,1593231529,62.67,131.17,borogontsy,RU,63,5.39,24,86.05
167,1593231529,53.0,-1.13,arnold,GB,62,8.99,80,59.0
168,1593231529,54.43,119.93,tupik,RU,31,7.2,67,67.53
169,1593231529,-13.7,-76.22,pisco,PE,75,2.24,93,57.99
170,1593231530,-5.67,132.75,tual,ID,92,22.15,81,80.91
171,1593231530,-8.47,118.72,bima,ID,75,5.46,62,86.18
172,1593231530,29.6,-90.72,houma,US,1,3.36,94,81.0
173,1593231530,51.38,1.39,margate,GB,36,1.99,89,62.01
174,1593231530,26.73,33.94,safaga,EG,0,15.55,45,80.74
175,1593231530,-16.28,-39.02,santa cruz cabralia,BR,90,6.93,94,71.6
176,1593231338,60.92,-46.05,narsaq,GL,80,3.36,81,46.4
177,1593231329,-33.87,121.9,esperance,AU,0,12.75,55,66.2
178,1593231328,-38.0,-57.56,mar del plata,AR,90,6.93,93,44.01
179,1593231530,-7.15,111.88,bojonegoro,ID,38,3.96,53,87.21
180,1593231299,22.08,-159.32,kapaa,US,1,12.75,69,82.4
181,1593231332,69.7,170.31,pevek,RU,67,19.17,98,31.06
182,1593231339,-34.73,135.87,port lincoln,AU,0,12.39,46,61.93
183,1593231530,56.2,95.72,kansk,RU,39,6.93,63,77.81
184,1593231531,22.68,-3.98,taoudenni,ML,0,9.01,11,91.6
185,1593231531,7.42,81.82,kalmunai,LK,63,4.27,66,83.39
186,1593231531,62.72,147.95,kholodnyy,RU,36,3.67,40,73.6
187,1593231348,-33.7,-53.46,chuy,UY,100,5.68,72,45.03
188,1593231324,-0.03,109.33,pontianak,ID,100,5.41,92,75.78
189,1593231531,66.53,66.6,salekhard,RU,100,10.51,76,50.49
190,1593231480,7.77,-72.22,san cristobal,VE,20,3.69,84,65.66
191,1593231531,57.9,53.72,kez,RU,100,7.2,87,49.55
192,1593231531,-3.29,-45.17,penalva,BR,98,1.74,97,72.12
193,1593231531,-20.41,57.7,mahebourg,MU,40,13.87,94,71.6
194,1593231345,-37.62,-73.65,lebu,CL,31,12.33,92,49.75
195,1593231532,67.67,53.09,naryan-mar,RU,99,3.87,80,42.53
196,1593231532,27.67,-105.17,camargo,MX,26,9.06,19,87.35
197,1593231532,-20.23,164.02,poum,NC,3,9.57,63,71.17
198,1593231532,56.91,118.26,chara,RU,47,2.71,44,70.65
199,1593231532,61.67,9.69,kvam,NO,0,2.55,62,64.49
200,1593231532,51.6,-3.34,pontypridd,GB,100,3.0,91,59.0
201,1593231332,71.97,102.5,khatanga,RU,56,8.12,52,66.09
202,1593231532,5.35,48.53,hobyo,SO,88,23.76,74,79.88
203,1593231075,-24.79,-50.01,castro,BR,100,13.91,96,52.05
204,1593231339,42.25,-75.83,broome,US,1,5.82,59,66.2
205,1593231532,43.57,12.14,sansepolcro,IT,0,1.43,86,60.01
206,1593231532,53.83,-101.25,the pas,CA,90,5.82,68,66.2
207,1593231333,-46.28,169.85,kaitangata,NZ,47,1.99,65,48.99
208,1593231533,-37.08,-73.17,lota,CL,90,4.7,100,48.2
209,1593231533,65.01,53.91,izhma,RU,100,2.17,93,45.25
210,1593231533,34.33,73.2,mansehra,PK,0,1.48,42,85.48
211,1593231533,51.23,-58.65,saint-augustin,CA,100,5.41,70,60.31
212,1593231533,42.92,21.74,lebane,RS,5,3.36,68,69.8
213,1593231386,-29.68,-53.81,santa maria,BR,76,4.45,84,42.69
214,1593231533,12.52,-70.03,oranjestad,AW,40,17.22,79,84.2
215,1593231091,-45.87,170.5,dunedin,NZ,62,1.01,84,51.01
216,1593231533,14.35,108.0,kon tum,VN,89,2.89,64,83.97
217,1593231533,42.49,-83.11,madison heights,US,90,9.17,100,71.01
218,1593231534,37.73,-25.67,ponta delgada,PT,20,4.14,93,62.6
219,1593231509,17.49,44.13,najran,SA,20,1.5,23,86.0
220,1593231336,-33.92,25.57,port elizabeth,ZA,0,8.05,66,50.0
221,1593231534,20.48,-97.02,tecolutla,MX,46,14.18,84,80.71
222,1593231534,-34.58,150.86,flinders,AU,26,1.99,57,61.0
223,1593231534,42.03,-8.16,vila,PT,96,4.65,95,60.01
224,1593231534,66.77,123.37,zhigansk,RU,58,4.79,33,77.22
225,1593231534,57.72,12.94,boras,SE,0,4.7,77,64.4
226,1593231534,39.18,-84.53,hamilton,US,1,10.29,61,78.8
227,1593231534,50.3,103.31,kholtoson,RU,100,6.46,44,73.89
228,1593231534,43.32,145.57,nemuro,JP,75,12.75,93,55.4
229,1593231534,15.85,-97.07,puerto escondido,MX,100,7.99,78,82.13
230,1593231534,54.78,-127.17,smithers,CA,75,4.92,87,53.6
231,1593231535,-15.72,46.32,mahajanga,MG,20,3.36,73,69.8
232,1593231535,59.38,143.3,okhotsk,RU,69,8.23,81,51.13
233,1593231535,65.61,-37.64,tasiilaq,GL,100,3.36,86,41.0
234,1593231535,54.34,101.5,kuytun,RU,90,10.04,41,80.06
235,1593231535,52.84,-110.86,wainwright,CA,94,4.07,85,55.67
236,1593231535,42.8,93.45,hami,CN,87,9.53,44,75.49
237,1593231535,65.85,74.49,pangody,RU,97,17.58,74,56.41
238,1593231359,-8.84,13.23,luanda,AO,75,1.12,78,73.4
239,1593231333,-26.65,15.16,luderitz,NA,0,14.99,66,53.6
240,1593231335,70.37,31.11,vardo,NO,100,22.48,90,45.36
241,1593231535,44.67,3.5,mende,FR,98,4.23,90,49.89
242,1593231333,-33.01,17.94,saldanha,ZA,69,14.99,76,57.2
243,1593231535,45.02,-93.22,saint anthony,US,1,4.7,53,75.99
244,1593231535,56.5,93.27,sukhobuzimskoye,RU,40,6.71,82,66.2
245,1593231535,60.42,24.32,vihti,FI,3,5.39,88,64.99
246,1593231535,-27.63,-54.31,horizontina,BR,99,4.92,92,39.99
247,1593231536,51.73,39.15,podgornoye,RU,0,4.47,77,60.8
248,1593231536,-9.01,-35.22,maragogi,BR,90,8.12,83,74.14
249,1593231536,-12.38,16.93,kuito,AO,0,3.2,53,46.06
250,1593231536,-0.36,42.55,kismayo,SO,31,16.02,82,78.28
251,1593231536,65.99,57.53,usinsk,RU,66,6.13,68,46.54
252,1593231536,20.93,-17.03,nouadhibou,MR,0,21.92,73,71.6
253,1593231536,-19.63,-43.89,lagoa santa,BR,51,3.36,77,62.6
254,1593231346,68.05,39.51,ostrovnoy,RU,100,16.46,89,45.32
255,1593231536,-8.1,156.84,gizo,SB,72,19.33,78,83.75
256,1593231536,14.68,100.47,chaiyo,TH,99,3.0,67,89.01
257,1593231536,21.27,-97.45,tamiahua,MX,100,9.15,88,79.56
258,1593231511,31.31,-110.94,nogales,MX,1,3.36,18,88.0
259,1593231536,28.3,74.95,churu,IN,1,17.34,32,98.78
260,1593231367,20.88,-156.68,lahaina,US,40,18.34,61,86.0
261,1593231537,50.17,8.57,steinbach,DE,20,2.24,93,70.0
262,1593231537,40.08,20.14,gjirokaster,AL,20,2.95,77,73.99
263,1593231537,-27.16,-48.55,porto belo,BR,75,10.29,63,60.8
264,1593231537,69.3,139.9,deputatskiy,RU,69,8.32,42,73.29
265,1593231537,-26.5,17.16,bethanien,NA,0,1.97,76,38.17
266,1593231537,-22.67,167.48,vao,NC,12,9.64,61,70.65
267,1593231537,-3.33,-43.53,sao benedito do rio preto,BR,85,1.97,96,72.32
268,1593231537,29.98,-109.78,cumpas,MX,0,7.67,29,86.95
269,1593231331,18.69,12.92,bilma,NE,100,5.88,16,81.45
270,1593231330,14.2,24.67,kutum,SD,26,4.99,50,69.4
271,1593231331,47.67,-52.73,torbay,CA,40,10.29,82,64.0
272,1593231538,-11.38,43.28,mitsamiouli,KM,1,5.3,70,77.58
273,1593231538,37.27,28.22,bayir,TR,0,2.82,88,71.6
274,1593231355,27.98,-114.06,guerrero negro,MX,0,13.42,86,64.89
275,1593231538,-34.02,20.44,swellendam,ZA,4,16.11,62,55.4
276,1593231249,41.51,-112.02,brigham city,US,1,3.36,28,80.6
277,1593231538,34.64,-120.46,lompoc,US,4,9.17,82,60.8
278,1593231538,50.8,19.12,czestochowa,PL,20,9.17,100,60.8
279,1593231358,-9.88,-56.09,alta floresta,BR,100,3.22,68,70.72
280,1593231348,64.5,-165.41,nome,US,90,21.92,87,46.4
281,1593231538,-32.17,-64.11,rio tercero,AR,0,5.79,69,35.01
282,1593231538,47.69,40.1,mayskiy,RU,3,2.24,63,64.4
283,1593231538,28.66,-17.92,los llanos de aridane,ES,90,19.46,64,71.6
284,1593231539,25.02,37.27,umm lajj,SA,30,9.04,37,85.55
285,1593231539,-20.74,116.85,karratha,AU,0,15.66,19,79.47
286,1593231539,32.69,128.84,fukue,JP,75,9.17,100,78.8
287,1593231539,-25.24,130.99,yulara,AU,0,5.82,27,62.6
288,1593231539,-11.37,38.42,masuguru,TZ,56,2.39,90,65.14
289,1593231328,50.7,-127.42,port hardy,CA,75,8.05,82,57.2
290,1593231539,4.92,6.26,yenagoa,NG,98,4.74,94,74.12
291,1593231539,-12.07,134.27,maningrida,AU,84,10.0,52,87.58
292,1593231540,42.37,-71.18,watertown,US,20,8.05,44,75.2
293,1593231540,-2.57,150.8,kavieng,PG,94,8.19,71,83.62
294,1593231540,66.71,27.43,kemijarvi,FI,0,10.0,60,52.14
295,1593231540,55.3,-123.17,mackenzie,CA,90,10.83,48,62.6
296,1593231335,-35.17,173.17,ahipara,NZ,23,14.0,88,60.46
297,1593231540,50.68,156.12,severo-kurilsk,RU,71,10.51,58,53.87
298,1593231540,-0.45,39.64,garissa,KE,15,16.02,80,73.56
299,1593231541,13.49,106.98,lumphat,KH,76,3.83,64,87.6
300,1593231541,38.73,-27.07,praia da vitoria,PT,75,6.51,94,68.0
301,1593231541,35.13,140.3,katsuura,JP,75,4.7,78,82.4
302,1593231332,18.39,42.45,faya,SA,52,4.7,27,75.2
303,1593231541,44.17,52.12,shetpe,KZ,0,7.18,29,67.77
304,1593231541,57.76,61.4,asbestovskiy,RU,92,7.63,53,53.44
305,1593231542,-0.91,122.88,biak,ID,100,5.99,84,77.79
306,1593231423,33.64,42.83,hit,IQ,0,11.9,21,87.57
307,1593231282,24.47,54.37,abu dhabi,AE,95,4.7,67,93.2
308,1593231542,-20.46,-66.83,uyuni,BO,0,8.99,69,32.36
309,1593231542,27.69,106.91,zunyi,CN,100,13.85,77,79.7
310,1593231542,50.72,-121.29,ashcroft,CA,40,4.7,77,69.8
311,1593231542,60.55,-151.26,kenai,US,1,13.87,67,57.2
312,1593231542,63.79,74.52,muravlenko,RU,98,15.1,81,51.48
313,1593231330,-20.33,-40.29,vila velha,BR,20,2.24,93,68.0
314,1593231314,9.18,105.15,ca mau,VN,100,6.62,87,80.2
315,1593231542,23.31,103.16,gejiu,CN,97,8.08,93,67.32
316,1593231543,-28.55,16.43,oranjemund,NA,0,0.81,84,51.3
317,1593231543,37.35,68.66,dusti,TJ,75,11.18,41,78.8
318,1593231543,40.43,71.72,komsomolskiy,UZ,98,18.34,36,77.0
319,1593231543,15.13,-23.22,vila do maio,CV,20,11.41,73,75.2
320,1593231404,30.09,-94.1,beaumont,US,1,3.36,94,80.6
321,1593231543,-7.47,-34.81,pitimbu,BR,51,10.42,84,75.11
322,1593231543,67.47,78.7,tazovskiy,RU,24,22.17,59,56.43
323,1593231336,-35.33,-72.42,constitucion,CL,96,10.89,83,50.76
324,1593231543,38.8,-9.45,colares,PT,51,5.99,94,68.0
325,1593231543,45.58,-70.88,lac-megantic,CA,75,2.24,68,64.4
326,1593231543,-28.78,32.04,richards bay,ZA,6,13.22,77,64.47
327,1593231544,-20.73,139.5,mount isa,AU,0,10.29,16,78.8
328,1593231544,57.67,66.17,nizhnyaya tavda,RU,0,7.54,59,56.25
329,1593231544,34.97,-78.95,hope mills,US,1,5.82,73,75.0
330,1593231544,39.23,106.34,shitanjing,CN,73,14.2,25,80.02
331,1593231513,-25.55,-54.59,foz do iguacu,BR,75,4.7,93,51.8
332,1593231544,-18.2,-65.18,aiquile,BO,99,2.08,91,49.6
333,1593231544,32.67,-17.1,ponta do sol,PT,40,13.87,68,69.8
334,1593231304,55.28,-114.77,slave lake,CA,20,3.36,59,62.6
335,1593231544,26.28,94.83,tuensang,IN,100,1.83,84,73.2
336,1593231544,21.87,73.5,rajpipla,IN,40,6.93,70,87.8
337,1593231544,43.27,-7.54,bereda,ES,98,10.0,93,63.0
338,1593231544,44.2,26.58,curcani,RO,0,1.12,82,66.99
339,1593231545,-0.9,-89.6,puerto baquerizo moreno,EC,70,11.68,86,69.53
340,1593231545,53.16,24.45,vawkavysk,BY,30,4.47,82,60.8
341,1593231545,-13.59,24.2,kabompo,ZM,7,3.15,83,49.87
342,1593231205,49.78,-74.85,chapais,CA,1,2.24,87,55.4
343,1593231545,40.28,97.2,yumen,CN,52,17.34,37,70.36
344,1593231298,33.49,-117.15,temecula,US,1,5.82,64,70.0
345,1593231545,59.63,39.74,ustye,RU,27,11.01,69,64.53
346,1593231545,54.81,105.16,zhigalovo,RU,10,7.34,28,84.74
347,1593231545,63.9,122.76,kysyl-syr,RU,0,3.65,26,86.58
348,1593231545,-6.64,-51.99,sao felix do xingu,BR,6,1.48,84,69.15
349,1593231545,-35.72,150.18,batemans bay,AU,3,5.1,66,57.0
350,1593231545,57.63,25.69,strenci,LV,30,2.59,72,68.23
351,1593231546,-19.98,57.61,cap malheureux,MU,30,8.01,91,71.01
352,1593231546,-1.41,-51.64,gurupa,BR,10,2.06,96,72.41
353,1593231546,-3.43,119.34,polewali,ID,26,5.26,62,85.51
354,1593231546,-1.83,-44.87,cururupu,BR,36,1.68,96,73.27
355,1593231358,70.47,-68.59,clyde river,CA,1,4.7,93,37.4
356,1593231546,-24.7,44.75,ampanihy,MG,45,7.4,69,66.36
357,1593231546,8.12,-63.55,ciudad bolivar,VE,91,9.95,74,78.78
358,1593231546,-3.42,114.85,martapura,ID,100,2.57,91,78.87
359,1593231546,0.21,32.52,kajansi,UG,96,3.42,72,66.87
360,1593231381,6.58,3.75,lagos,NG,40,3.36,94,73.4
361,1593231546,42.98,144.37,kushiro,JP,75,8.05,93,59.0
362,1593231347,-41.45,147.17,launceston,AU,71,2.24,66,52.0
363,1593231546,68.05,166.44,bilibino,RU,100,15.99,56,42.17
364,1593231335,40.6,-124.16,fortuna,US,1,4.7,76,59.0
365,1593231547,-34.0,24.73,kruisfontein,ZA,0,9.66,62,47.53
366,1593231547,-19.55,169.27,isangel,VU,75,11.41,69,77.0
367,1593231547,-37.83,140.77,mount gambier,AU,75,11.41,71,55.4
368,1593231547,-12.28,43.74,fomboni,KM,0,15.77,76,78.64
369,1593231328,62.23,-6.59,klaksvik,FO,94,16.11,100,53.6
370,1593231547,53.88,25.3,lida,BY,4,7.76,90,63.97
371,1593231547,-25.17,45.05,beloha,MG,14,5.57,74,64.6
372,1593231547,20.79,70.7,kodinar,IN,70,10.92,67,88.0
373,1593231357,69.38,178.42,leningradskiy,RU,100,23.22,97,31.12
374,1593231547,48.68,24.41,markova,UA,91,3.78,84,61.86
375,1593231547,-21.37,55.62,saint-joseph,RE,15,5.82,68,69.8
376,1593231548,29.97,40.21,sakakah,SA,0,4.05,11,80.6
377,1593231548,-31.39,-58.02,concordia,AR,96,4.0,87,46.0
378,1593231548,59.45,112.56,vitim,RU,38,1.45,33,86.0
379,1593231548,63.45,120.32,verkhnevilyuysk,RU,1,3.91,37,83.44
380,1593231548,64.86,-147.8,college,US,75,6.93,55,64.99
381,1593231548,45.09,133.51,kirovskiy,RU,100,1.95,95,60.28
382,1593231516,58.3,-134.42,juneau,US,90,8.05,81,55.0
383,1593231548,32.14,105.51,hanyang,CN,100,4.68,86,68.0
384,1593231548,39.26,65.15,muborak,UZ,0,8.34,23,73.89
385,1593231548,51.18,90.6,ak-dovurak,RU,0,2.15,48,72.0
386,1593231549,50.23,-63.6,havre-saint-pierre,CA,1,3.36,87,57.2
387,1593231540,8.99,-79.52,panama city,PA,100,6.93,88,78.8
388,1593231390,40.8,-124.16,eureka,US,0,2.21,25,59.0
389,1593231549,19.22,-98.81,miraflores,MX,40,8.05,63,66.2
390,1593231549,50.6,97.52,kungurtug,RU,40,5.93,40,69.53
391,1593231549,7.04,134.26,kloulklubed,PW,90,4.7,79,84.2
392,1593231549,47.11,-104.71,glendive,US,1,4.7,36,77.0
393,1593231549,31.93,70.46,kulachi,PK,0,9.95,34,100.8
394,1593231549,56.19,-4.05,doune,GB,75,1.12,87,55.99
395,1593231549,43.6,39.73,sochi,RU,20,11.18,68,71.6
396,1593231549,14.32,2.09,ouallam,NE,13,16.26,42,90.1
397,1593231549,48.7,21.66,secovce,SK,20,2.24,93,63.0
398,1593231353,10.57,72.64,kavaratti,IN,100,17.45,76,83.03
399,1593231549,-23.85,151.25,gladstone,AU,75,11.41,50,75.2
400,1593231550,43.83,5.79,manosque,FR,0,3.13,87,60.01
401,1593231550,60.72,-135.05,whitehorse,CA,75,6.93,44,60.8
402,1593231550,66.15,-65.71,pangnirtung,CA,43,0.29,70,48.02
403,1593231550,40.81,114.88,zhangjiakou,CN,0,3.65,23,84.92
404,1593231550,63.46,48.9,koslan,RU,88,9.84,85,52.77
405,1593231550,12.83,101.43,rayong,TH,20,9.17,74,89.01
406,1593231550,63.05,179.32,beringovskiy,RU,74,17.87,54,46.4
407,1593231550,7.67,-80.57,llano de piedra,PA,88,3.56,88,75.47
408,1593231550,64.89,-23.71,olafsvik,IS,100,10.98,85,48.76
409,1593231336,41.96,42.96,khani,GE,100,3.36,94,69.8
410,1593231307,32.35,-85.2,russell,US,75,1.61,88,78.8
411,1593231550,1.57,30.25,bunia,CD,95,2.42,95,61.97
412,1593231375,-27.58,153.3,victoria point,AU,0,3.0,55,73.0
413,1593231551,-31.73,-55.98,tacuarembo,UY,100,4.65,75,43.56
414,1593231551,-8.65,115.22,denpasar,ID,40,5.82,83,82.4
415,1593231551,6.13,102.24,kota bahru,MY,20,4.7,83,82.4
416,1593231551,-19.22,-44.94,pompeu,BR,66,3.91,80,59.25
417,1593231551,-12.26,44.53,domoni,KM,11,10.27,79,75.96
418,1593231551,42.73,133.08,vrangel,RU,100,4.47,97,58.39
419,1593231551,16.41,-3.67,goundam,ML,12,10.36,20,92.23
420,1593231551,16.17,81.13,machilipatnam,IN,40,5.82,75,89.6
421,1593231551,-21.22,48.33,mananjary,MG,18,2.91,92,65.7
422,1593231551,16.33,-15.0,saint-louis,SN,28,4.7,69,80.6
423,1593231551,-4.2,36.93,naberera,TZ,100,9.33,86,59.56
424,1593231551,6.2,102.17,tumpat,MY,20,4.7,83,82.4
425,1593231551,4.38,-7.72,harper,LR,100,8.81,88,74.88
426,1593231552,52.4,13.07,potsdam,DE,51,3.94,92,63.0
427,1593231552,-34.05,23.37,plettenberg bay,ZA,0,8.16,64,52.38
428,1593231552,-2.47,28.82,kabare,CD,100,1.45,76,61.63
429,1593231552,40.81,-74.19,bloomfield,US,1,3.27,50,78.8
430,1593231552,41.12,80.26,aksu,CN,100,4.61,23,82.58
431,1593231552,41.73,45.33,sagarejo,GE,90,14.99,56,69.8
432,1593231552,27.92,96.17,tezu,IN,100,4.23,86,75.27
433,1593231552,30.8,108.39,wanxian,CN,100,6.42,87,76.71
434,1593231552,31.21,16.59,surt,LY,0,9.01,85,70.66
435,1593231552,5.67,73.0,ugoofaaru,MV,100,10.94,73,82.54
436,1593231552,30.08,114.95,daye,CN,88,3.69,69,87.66
437,1593231552,-21.64,-41.05,sao joao da barra,BR,12,4.16,93,68.34
438,1593231357,-8.77,160.7,auki,SB,90,7.63,65,86.38
439,1593231339,41.76,86.15,korla,CN,85,9.06,22,84.02
440,1593231347,36.62,101.77,xining,CN,68,3.98,36,70.29
441,1593231553,-0.87,14.82,ewo,CG,63,7.2,81,74.03
442,1593231471,48.93,-125.55,ucluelet,CA,95,3.0,90,55.99
443,1593231057,21.46,-71.14,cockburn town,TC,26,20.11,83,82.42
444,1593231553,-8.75,148.25,popondetta,PG,20,5.7,58,87.17
445,1593231553,-25.03,33.1,macia,MZ,0,4.94,57,58.26
446,1593231553,17.3,101.77,wang saphung,TH,40,5.82,58,87.8
447,1593231553,-0.88,131.25,sorong,ID,44,7.54,79,82.76
448,1593231553,51.18,49.68,ozinki,RU,0,13.85,64,64.27
449,1593231355,-22.96,14.51,walvis bay,NA,0,6.93,93,50.0
450,1593231553,-17.71,-39.25,caravelas,BR,13,5.53,93,71.13
451,1593231111,22.29,114.16,victoria,HK,39,5.01,70,90.0
452,1593231553,50.13,82.52,belousovka,KZ,75,13.42,39,82.4
453,1593231553,8.9,40.78,bedesa,ET,97,1.99,79,64.45
454,1593231553,-27.37,-70.33,copiapo,CL,1,5.82,87,48.2
455,1593231345,-35.1,173.78,kaeo,NZ,22,8.01,3,61.0
456,1593231554,37.27,-87.18,morehead,US,1,5.82,88,75.2
457,1593231554,-29.95,-71.34,coquimbo,CL,3,9.17,93,50.0
458,1593231364,31.61,34.76,gat,IL,0,1.92,89,72.0
459,1593231554,-15.43,-74.62,acari,PE,39,2.8,63,61.65
460,1593231554,-22.09,-70.2,tocopilla,CL,5,6.38,65,60.73
461,1593231554,0.53,72.93,thinadhoo,MV,100,7.14,73,84.6
462,1593231554,49.49,105.92,darhan,MN,79,11.92,38,81.9
463,1593231554,62.57,11.38,roros,NO,0,1.12,93,53.6
464,1593231554,17.42,121.44,tabuk,PH,99,7.14,61,89.28
465,1593231371,58.97,-3.3,stromness,GB,90,3.36,100,54.0
466,1593231555,13.6,26.69,umm kaddadah,SD,32,12.1,41,85.21
467,1593231555,-41.0,145.72,wynyard,AU,32,5.99,56,54.0
468,1593231555,-10.71,22.22,luau,AO,92,6.08,54,55.78
469,1593231555,65.44,52.15,ust-tsilma,RU,100,3.42,94,46.71
470,1593231555,56.36,44.07,bor,RU,25,8.95,77,68.0
471,1593231555,57.79,43.19,kadyy,RU,2,11.77,59,70.75
472,1593231555,51.72,108.27,novaya bryan,RU,90,2.24,32,82.4
473,1593231508,19.8,105.77,thanh hoa,VN,100,9.44,42,97.99
474,1593231555,14.05,124.17,pandan,PH,89,6.89,69,87.04
475,1593231555,51.05,-113.39,strathmore,CA,100,1.99,74,63.0
476,1593231555,6.55,-7.5,guiglo,CI,92,3.36,98,70.92
477,1593231555,35.54,106.69,pingliang,CN,91,9.62,65,69.08
478,1593231556,65.97,-18.53,dalvik,IS,90,2.24,87,48.2
479,1593231556,50.12,139.15,vysokogornyy,RU,100,5.3,68,62.82
480,1593231556,70.24,22.35,oksfjord,NO,75,25.28,76,50.0
481,1593231556,27.04,14.43,sabha,LY,0,8.05,35,72.59
482,1593231556,40.13,124.39,dandong,CN,51,2.77,64,77.99
483,1593231556,-4.39,-59.59,borba,BR,2,0.56,77,75.18
484,1593231556,56.56,53.0,malaya purga,RU,100,1.01,87,50.0
485,1593231556,25.21,64.64,ormara,PK,24,10.87,77,86.07
486,1593231556,-10.4,40.33,madimba,TZ,20,10.29,94,71.6
487,1593231556,25.53,-103.25,matamoros,MX,75,13.31,37,86.0
488,1593231556,23.83,71.6,radhanpur,IN,79,14.56,56,91.62
489,1593231557,60.75,-137.51,haines junction,CA,98,5.77,70,52.03
490,1593231557,43.8,87.6,urumqi,CN,16,13.42,21,91.4
491,1593231557,-13.28,-50.16,sao miguel do araguaia,BR,65,2.3,52,72.41
492,1593231380,4.41,114.01,miri,MY,40,6.93,88,80.6
493,1593231557,38.24,16.26,locri,IT,5,4.38,78,73.99
494,1593231557,26.18,127.67,tomigusuku,JP,75,16.11,84,87.8
495,1593231449,45.51,-92.98,north branch,US,0,7.2,80,71.01
496,1593231557,11.85,-86.44,san rafael del sur,NI,40,4.7,78,78.8
497,1593231340,-15.2,12.15,namibe,AO,0,2.42,76,63.3
498,1593231343,23.61,58.59,muscat,OM,75,3.36,59,95.0
499,1593231558,15.12,108.8,quang ngai,VN,47,8.01,45,94.89
500,1593231300,56.25,-117.29,peace river,CA,75,3.36,55,62.6
501,1593231333,-28.77,114.6,geraldton,AU,40,16.11,64,69.8
502,1593231352,39.36,-9.38,peniche,PT,63,1.99,93,64.99
503,1593231558,49.75,142.83,smirnykh,RU,100,0.98,87,50.59
504,1593231387,29.58,105.06,neijiang,CN,100,3.13,85,73.02
505,1593231558,34.17,77.58,leh,IN,0,6.26,35,58.03
506,1593231558,47.87,88.12,altay,CN,4,6.58,24,78.57
507,1593231349,63.84,-22.43,grindavik,IS,75,8.05,100,48.2
508,1593231558,46.43,26.4,asau,RO,0,2.24,93,59.0
509,1593231558,30.48,-115.95,san quintin,MX,0,9.22,88,63.25
510,1593231384,29.95,-91.75,iberia,US,1,3.36,100,80.6
511,1593231558,61.4,47.5,kharitonovo,RU,100,8.59,85,59.67
512,1593231558,19.93,-105.25,tomatlan,MX,100,1.48,80,77.32
513,1593231558,-21.48,-56.14,jardim,BR,100,4.07,97,59.22
514,1593231558,-23.58,148.88,blackwater,AU,0,6.96,40,69.22
515,1593231558,53.14,-6.06,greystones,IE,96,11.45,97,57.0
516,1593231559,33.28,134.15,muroto,JP,75,5.82,78,78.8
517,1593231559,6.8,81.48,wattegama,LK,40,10.29,79,84.2
518,1593231559,52.3,76.95,pavlodar,KZ,46,17.9,56,71.6
519,1593231559,45.41,79.92,sarkand,KZ,100,15.82,30,76.66
520,1593231559,-1.03,-79.45,quevedo,EC,42,1.9,84,74.01
521,1593231559,52.63,29.73,svetlogorsk,BY,0,3.98,81,65.71
522,1593231378,51.53,4.47,roosendaal,NL,75,2.24,88,66.0
523,1593231299,-9.67,-35.74,maceio,BR,40,4.7,88,73.4
524,1593231559,-15.77,128.73,kununurra,AU,0,10.29,21,84.2
525,1593231559,62.86,42.71,bereznik,RU,100,5.39,86,56.12
526,1593231560,32.62,14.0,masallatah,LY,0,15.97,61,72.36
527,1593231334,71.04,27.85,mehamn,NO,100,17.56,92,43.39
528,1593231560,67.45,153.68,srednekolymsk,RU,9,12.03,31,64.87
529,1593231560,12.31,75.11,kannangad,IN,75,3.36,94,77.0
530,1593231560,-51.62,-69.22,rio gallegos,AR,0,13.87,92,23.0
531,1593231560,14.92,-23.51,praya,CV,20,11.41,73,75.2
532,1593231560,51.88,36.9,shchigry,RU,0,4.47,72,64.4
533,1593231560,21.65,-101.5,ocampo,MX,99,9.53,85,60.33
534,1593231561,10.95,78.08,karur,IN,80,13.38,57,86.99
535,1593231561,53.6,91.39,belyy yar,RU,100,2.24,73,71.6
536,1593231561,-7.26,110.4,ambarawa,ID,20,9.17,52,87.8
537,1593231561,57.8,158.67,tigil,RU,0,13.73,45,68.83
538,1593231561,0.02,37.07,nanyuki,KE,12,6.55,81,55.74
539,1593231561,18.77,84.42,palasa,IN,100,10.07,64,88.47
540,1593231561,2.67,72.89,kudahuvadhoo,MV,100,8.93,74,83.59
541,1593231561,51.62,73.1,ereymentau,KZ,100,15.26,81,54.25
542,1593231561,-45.42,167.72,te anau,NZ,89,1.59,79,47.89
543,1593231345,-9.08,143.21,daru,PG,89,18.95,83,79.54
544,1593231561,-0.61,-47.36,salinopolis,BR,61,10.16,87,78.19
545,1593231561,59.32,13.47,skoghall,SE,29,6.93,88,64.99
546,1593231562,54.89,44.3,imeni stepana razina,RU,41,12.8,85,64.85
547,1593231562,-6.12,141.29,kiunga,PG,96,4.07,89,82.44
548,1593231562,25.29,32.55,esna,EG,0,9.22,32,78.35
549,1593231562,18.82,76.12,dharur,IN,100,4.83,57,84.99
550,1593231562,29.27,82.18,jumla,NP,19,5.17,50,72.03
551,1593231562,63.19,64.42,igrim,RU,7,6.06,47,53.46
552,1593231562,63.93,31.65,muyezerskiy,RU,96,7.54,71,55.33
553,1593231562,-16.37,-58.4,san matias,BO,3,3.44,92,65.44
554,1593231562,-3.9,-38.39,aquiraz,BR,75,4.7,83,78.8
555,1593231563,38.42,77.24,shache,CN,0,4.79,15,86.25
556,1593231563,70.95,27.35,kjollefjord,NO,100,17.72,92,43.25
557,1593231563,66.08,76.63,novyy urengoy,RU,99,20.15,74,55.54
558,1593231563,56.24,54.39,amzya,RU,98,5.41,83,51.17
559,1593231563,12.88,10.45,nguru,NG,72,10.89,55,83.62
560,1593231351,33.19,-82.53,avera,US,1,5.82,73,77.0
561,1593231563,45.82,44.65,iki-burul,RU,0,11.18,37,69.8
562,1593231563,-6.22,155.63,kieta,PG,94,10.98,80,81.57
563,1593231563,61.99,5.14,raudeberg,NO,32,10.29,82,66.99
564,1593231563,49.2,-117.27,salmo,CA,99,1.48,83,68.0
